-1.26 21.27 0
7.96 -20.77 0
6.99 -9.96 0
-15.91 3.33 0
23.31 4.27 0
-14.09 7.91 0
21.36 5.29 0
-2.95 -21.07 0
-5.26 1.18 0
-5.48 8.08 0
11.22 16.92 0
3.01 -11.99 0
-2.41 -4.85 0
-23.26 -1.91 0
24.46 2.66 0
-1.40 -15.86 0
17.17 -2.39 0
5.62 -12.93 0
-2.85 -14.29 0
-13.77 8.85 0
6.44 19.48 0
0.03 -10.34 0
-8.09 -8.81 0
-19.19 -4.52 0
17.54 4.63 0
6.11 -5.46 0
21.33 8.11 0
4.78 -5.18 0
0.44 -7.38 0
-14.53 9.43 0
0.24 26.59 0
-13.63 7.37 0
-5.02 -3.60 0
-6.03 -11.22 0
18.01 3.47 0
-3.19 -9.59 0
6.13 15.90 0
-13.37 9.99 0
-0.02 -11.68 0
-20.74 12.82 0
-4.39 -10.77 0
25.05 0.77 0
2.82 -9.29 0
5.66 -10.37 0
-3.56 -18.92 0
-20.85 3.08 0
3.01 -11.39 0
1.64 -10.74 0
5.02 20.77 0
3.94 20.88 0
0.98 -6.80 0
6.27 -7.26 0
6.90 -13.32 0
1.67 -9.99 0
10.71 -9.21 0
10.32 13.99 0
3.25 -9.59 0
6.66 -11.72 0
22.43 10.56 0
-19.41 -8.14 0
-23.57 3.62 0
4.77 -11.74 0
-23.89 0.59 0
-21.56 -8.82 0
28.18 7.43 0
21.39 11.18 0
21.36 8.29 0
14.77 17.14 0
19.45 -4.41 0
-7.71 -19.19 0
7.91 -10.86 0
-6.15 -5.71 0
6.31 20.10 0
-18.42 11.80 0
-1.28 0.97 0
2.99 -9.24 0
2.75 -11.29 0
6.56 -13.93 0
-3.43 22.84 0
-1.26 23.80 0
0.19 -15.57 0
1.34 -19.62 0
21.70 7.18 0
-20.24 -5.36 0
-3.73 -2.33 0
7.50 -20.86 0
6.52 -3.71 0
18.20 -13.21 0
22.07 2.24 0
-24.10 -1.81 0
3.14 -14.10 0
-20.61 -14.86 0
-20.18 12.00 0
12.56 -20.24 0
-0.16 -17.46 0
20.14 -4.68 0
3.12 -10.38 0
22.57 0.69 0
-24.69 -5.22 0
19.92 -19.20 0
22.77 4.99 0
8.56 23.52 0
-0.01 -3.91 0
-14.34 -23.07 0
24.50 1.27 0
-16.44 11.55 0
18.07 -1.41 0
-0.79 -9.23 0
3.68 -11.34 0
0.86 -7.07 0
16.83 -1.39 0
18.75 2.69 0
2.37 -17.66 0
-2.00 -10.53 0
3.61 -11.31 0
2.84 -7.49 0
-4.98 -4.54 0
-3.19 -16.20 0
0.29 -15.95 0
-11.93 11.52 0
-3.32 -3.67 0
16.71 -12.12 0
0.05 -18.77 0
-3.65 -14.98 0
24.51 1.22 0
-16.19 -0.52 0
7.65 21.09 0
1.77 -10.77 0
-15.35 13.88 0
4.32 -15.59 0
2.02 24.14 0
-3.91 3.83 0
-8.44 -7.62 0
-19.63 -12.00 0
18.42 -14.95 0
-0.99 -13.18 0
14.56 17.15 0
1.07 -17.98 0
1.21 -5.26 0
-18.30 14.03 0
3.56 21.53 0
2.80 -7.27 0
-10.03 -11.59 0
-26.95 0.82 0
22.42 -10.87 0
-4.35 -17.56 0
18.01 10.40 0
4.87 -20.40 0
4.21 -0.22 0
-18.43 11.88 0
8.08 22.28 0
-2.23 -2.52 0
-12.03 -14.19 0
-16.93 -8.00 0
19.64 -12.42 0
6.28 -2.24 0
20.02 6.83 0
3.86 -19.63 0
7.17 -12.27 0
-16.20 11.62 0
6.02 20.84 0
-12.96 8.28 0
1.56 -15.38 0
5.05 -10.99 0
18.20 15.43 0
2.42 -10.29 0
4.29 22.58 0
-14.51 12.32 0
3.65 -6.80 0
-16.94 12.66 0
4.05 -12.54 0
25.34 -12.59 0
-2.31 -3.41 0
0.13 -20.01 0
-2.23 -19.54 0
-21.54 -8.63 0
-2.48 -9.62 0
-1.92 3.65 0
2.81 24.27 0
10.78 16.17 0
-9.58 -9.77 0
-9.73 -12.54 0
0.77 -22.19 0
-5.09 -0.97 0
0.24 -4.68 0
10.66 21.46 0
2.07 -7.39 0
-3.24 -8.90 0
15.70 13.27 0
-26.07 3.51 0
-19.14 -2.19 0
8.92 -21.08 0
-21.88 2.28 0
-23.03 -2.41 0
20.38 -10.45 0
23.70 5.47 0
18.44 13.38 0
18.90 16.66 0
21.10 -12.78 0
-10.30 10.45 0
7.21 -9.87 0
-0.14 -12.38 0
5.71 24.43 0
-14.94 5.34 0
2.90 -4.03 0
-8.98 -12.28 0
-0.08 -14.78 0
-5.40 -12.56 0
14.80 16.28 0
11.31 20.64 0
1.44 -5.46 0
1.13 -23.62 0
17.33 15.88 0
-20.45 -6.70 0
-5.26 -9.30 0
1.08 -10.68 0
5.72 -19.76 0
-18.30 -9.53 0
-1.63 -0.24 0
-19.84 -8.78 0
-14.05 5.21 0
7.58 -10.89 0
-1.65 -21.76 0
19.47 2.26 0
1.79 2.97 1
26.25 -11.81 1
-17.85 -9.14 1
3.92 -11.01 1
24.85 -13.10 1
0.14 25.08 1
-0.30 -11.02 1
-13.52 -9.03 1
17.48 13.75 1
-13.94 9.54 1
9.93 21.58 1
9.53 -9.76 1
-0.20 -20.88 1
7.70 -8.71 1
20.80 -12.87 1
22.26 -15.99 1
5.52 -20.47 1
1.49 1.40 1
5.42 -15.77 1
-1.32 -0.53 1
-4.27 -12.12 1
4.46 -11.03 1
3.17 -12.79 1
17.55 -8.22 1
1.36 -7.55 1
-0.37 -8.03 1
22.70 -13.28 1
-8.97 12.69 1
7.96 23.21 1
-1.76 -2.88 1
-4.06 8.40 1
5.27 -5.36 1
5.65 18.79 1
10.85 -21.26 1
-10.63 -4.29 1
-19.47 3.34 1
20.92 -1.59 1
-11.58 11.23 1
14.57 15.62 1
-5.70 -22.35 1
-6.67 1.70 1
-7.94 -8.73 1
3.15 20.83 1
8.77 -18.58 1
-10.76 -6.62 1
-15.67 -1.23 1
26.45 -3.94 1
-6.21 -17.51 1
18.38 15.16 1
1.07 -17.77 1
1.75 -9.22 1
-4.31 -17.07 1
0.65 20.82 1
13.43 -18.02 1
-13.27 -5.22 1
-22.50 0.82 1
23.40 -1.02 1
-8.89 1.57 1
14.97 15.32 1
7.50 -14.39 1
7.06 -7.67 1
-23.42 8.73 1
5.82 18.50 1
-17.35 10.65 1
-7.50 5.15 1
-7.04 12.80 1
17.76 10.05 1
-8.55 14.44 1
-3.16 18.97 1
-15.14 6.69 1
-2.65 -1.77 1
-16.04 13.87 1
-1.09 -1.75 1
27.57 4.13 1
14.17 -18.81 1
-4.23 -17.73 1
1.35 -13.72 1
-20.54 0.04 1
-7.08 1.42 1
9.72 -16.84 1
3.66 20.54 1
-0.62 24.85 1
-12.37 -1.53 1
-10.07 -5.36 1
-5.25 -19.55 1
-8.13 4.39 1
-13.28 -8.86 1
1.11 21.34 1
5.59 -11.56 1
-12.36 -3.60 1
5.50 13.62 1
-16.32 -3.37 1
-20.75 -1.93 1
1.89 -16.65 1
-25.42 0.55 1
-20.43 -1.71 1
28.89 2.74 1
14.12 16.93 1
14.67 14.97 1
19.18 11.19 1
25.97 2.57 1
-3.23 -11.35 1
11.39 -20.41 1
5.33 1.09 1
1.98 20.73 1
-6.92 -13.63 1
-5.50 2.77 1
-15.54 -7.83 1
-4.80 4.52 1
-15.04 -3.74 1
3.44 24.58 1
0.52 18.00 1
8.28 -25.34 1
2.64 -14.25 1
20.56 5.27 1
-20.47 -0.58 1
-16.02 -6.29 1
6.88 -20.62 1
0.96 -14.20 1
26.41 -4.16 1
13.96 16.81 1
-25.22 -2.73 1
10.93 -23.10 1
-15.98 -2.73 1
-7.23 -6.07 1
10.13 -20.74 1
-1.98 -17.41 1
17.35 11.24 1
1.94 -4.45 1
30.40 7.81 1
-10.43 1.05 1
3.47 -25.26 1
20.69 -6.39 1
1.19 20.31 1
-10.21 11.64 1
-22.37 3.87 1
17.11 17.60 1
-7.89 -13.31 1
14.96 15.66 1
15.21 -12.60 1
4.37 -17.02 1
-7.86 -1.30 1
29.47 9.38 1
28.10 -0.71 1
0.15 -16.00 1
-13.71 -5.06 1
-7.03 1.15 1
-11.44 -6.76 1
-12.94 -11.10 1
-13.46 11.42 1
5.18 -11.91 1
0.81 -0.98 1
-2.19 -13.94 1
28.85 1.68 1
-6.87 8.28 1
-4.93 1.73 1
26.84 -1.23 1
2.29 7.59 1
2.48 24.06 1
3.42 -11.96 1
-0.10 -8.26 1
-23.69 -1.83 1
-5.28 25.00 1
-6.06 2.43 1
-7.64 -11.21 1
-21.29 1.75 1
17.78 -3.77 1
-10.19 -2.93 1
20.82 10.95 1
2.55 -8.56 1
0.14 -1.07 1
-19.39 9.70 1
-0.79 24.95 1
2.51 -10.46 1
-7.15 -1.89 1
-17.38 8.31 1
21.99 -9.72 1
-1.52 -8.06 1
14.06 8.07 1
3.38 -5.47 1
-3.76 -8.22 1
-13.67 11.03 1
4.54 24.04 1
4.50 -8.46 1
-6.07 -5.92 1
-9.30 13.63 1
22.10 -8.12 1
-0.43 -5.94 1
16.16 10.17 1
6.25 -4.70 1
5.09 6.87 1
-14.63 11.36 1
7.51 16.99 1
-10.66 10.80 1
-15.22 1.13 1
-3.45 0.50 1
10.03 11.12 1
-12.27 5.25 1
-2.66 22.56 1
-13.24 10.23 1
-4.83 1.53 1
-20.69 11.77 1
-5.49 -1.86 1
19.18 -6.37 1
-1.31 -3.42 1
7.20 -1.92 1
-4.35 -16.60 1
-20.67 6.62 1
-1.57 -4.43 1
1.51 -7.79 1
2.81 26.52 1
5.37 21.46 1
-10.40 -6.22 1
-11.65 -8.53 1
2.53 -7.11 1
-7.02 2.62 1
-12.46 -5.14 1
-5.40 26.16 1
-0.25 -3.36 1
-11.76 -1.97 1
11.16 7.33 1
-14.19 4.55 1
-11.39 9.72 1
6.18 -0.64 1
-13.91 9.68 2
-12.83 9.18 2
22.58 -4.81 2
19.40 12.78 2
16.82 8.04 2
17.60 11.91 2
20.22 -6.14 2
-21.10 10.88 2
-0.47 -8.07 2
-5.33 6.14 2
2.17 18.85 2
-11.95 7.04 2
-5.79 0.20 2
-5.58 -9.90 2
-6.84 -3.52 2
-9.01 -8.39 2
-0.90 23.85 2
0.09 27.08 2
6.42 -12.74 2
8.84 0.69 2
21.07 9.40 2
-13.56 8.27 2
-6.03 -2.88 2
12.66 -12.08 2
-5.28 -14.13 2
17.35 1.06 2
13.59 10.93 2
-12.82 8.03 2
-0.34 -10.61 2
-15.96 3.85 2
-11.81 8.90 2
1.41 -11.22 2
-1.55 -2.29 2
12.78 13.26 2
-2.30 9.16 2
21.29 -4.47 2
-15.18 3.44 2
1.32 -5.85 2
20.79 -7.14 2
2.86 22.43 2
-7.05 -3.15 2
-12.04 6.38 2
20.86 11.23 2
-6.60 10.80 2
21.14 -3.91 2
2.27 -3.64 2
4.83 -6.23 2
-5.03 -2.07 2
14.94 -3.37 2
21.58 -4.09 2
2.87 -2.32 2
-6.51 -4.13 2
-1.48 8.15 2
-11.14 -6.83 2
3.07 -9.82 2
0.50 -9.89 2
-1.39 -11.22 2
-11.08 13.29 2
8.45 -1.39 2
20.32 -1.85 2
-2.53 -4.04 2
0.60 -9.41 2
19.01 -9.50 2
-12.84 9.46 2
0.61 22.33 2
-5.93 8.75 2
-14.73 12.65 2
-7.94 -2.25 2
-3.52 24.01 2
-0.88 -5.65 2
-3.12 -3.82 2
-13.99 13.46 2
19.37 -6.43 2
-1.96 6.28 2
14.00 12.26 2
-5.83 -18.47 2
3.55 -7.98 2
-7.95 9.95 2
0.13 21.95 2
-0.22 -4.00 2
-5.14 -7.46 2
-19.23 6.43 2
11.84 -7.64 2
-10.00 14.46 2
12.62 14.61 2
-7.22 -22.23 2
3.84 -2.86 2
-8.67 14.06 2
-6.47 18.30 2
1.62 -6.45 2
-8.19 -3.00 2
-12.07 2.28 2
22.32 -1.33 2
-13.65 10.91 2
13.10 17.26 2
-2.46 -16.00 2
-3.83 -2.18 2
-13.67 9.33 2
0.21 22.18 2
-6.09 -4.82 2
-11.89 2.32 2
-11.30 14.41 2
14.08 11.73 2
-11.53 11.77 2
-6.24 23.16 2
-19.45 12.57 2
6.02 -1.62 2
-8.38 6.20 2
0.33 -5.75 2
19.17 -2.81 2
7.42 -3.64 2
3.77 -16.61 2
-4.31 -20.19 2
-17.91 5.68 2
-13.31 12.16 2
11.96 -2.82 2
-2.51 24.69 2
-4.97 29.19 2
-10.33 -8.23 2
-4.99 -5.28 2
-5.74 -16.64 2
3.22 0.23 2
-12.71 -5.46 2
3.65 21.21 2
9.68 -2.93 2
-6.29 -5.75 2
12.96 8.22 2
-15.10 7.96 2
-19.61 10.28 2
-1.39 -19.31 2
-10.96 7.78 2
-11.77 6.72 2
24.74 -2.54 2
12.77 15.17 2
18.36 12.40 2
12.48 16.08 2
14.67 -9.16 2
-14.00 13.98 2
12.10 -1.10 2
-8.41 7.44 2
1.72 18.90 2
-19.14 10.21 2
-7.97 13.55 2
-10.53 -4.20 2
1.05 -1.18 2
-12.95 -2.86 2
-8.63 18.05 2
-1.73 20.17 2
8.26 -5.30 2
-5.48 -20.93 2
14.41 12.42 2
-14.22 5.80 2
-3.24 -0.15 2
4.97 -4.73 2
-2.09 -20.90 2
16.85 -6.48 2
17.71 6.11 2
-9.38 1.22 2
8.95 -1.76 2
-8.25 4.52 2
-10.22 14.70 2
0.43 -9.30 2
2.68 -19.36 2
16.35 14.41 2
2.34 -6.22 2
18.55 -2.04 2
-19.46 4.32 2
7.91 -11.54 2
19.83 -3.56 2
-8.72 19.22 2
-11.48 17.15 2
-16.96 6.48 2
17.49 12.61 2
-9.19 11.31 2
14.50 13.93 2
-0.20 -6.26 2
-4.63 -20.41 2
-10.62 6.57 2
15.66 0.24 2
24.39 -0.83 2
-2.96 -17.47 2
-7.64 -8.76 2
6.52 -2.38 2
-18.97 -9.24 2
-7.41 -5.11 2
-1.82 2.55 2
-6.38 -22.22 2
-20.82 12.35 2
-12.22 13.23 2
12.41 -6.25 2
2.10 -1.55 2
3.65 -10.38 2
15.06 -4.33 2
-18.44 16.36 2
-2.94 24.66 2
2.43 -6.71 2
-13.79 11.45 2
5.72 -6.56 2
3.12 23.42 2
10.30 -26.09 2
-11.27 -5.61 2
-15.87 -1.45 2
23.26 -10.44 2
4.45 1.62 2
16.79 12.71 2
-1.58 -17.67 2
-5.90 1.22 2
2.37 2.54 2
-0.91 11.52 2
13.70 -16.00 2
-10.57 -2.93 2
-18.63 7.78 2
27.16 -9.28 2
2.48 0.26 2
19.30 13.88 2
2.13 -18.91 2
-1.26 3.81 2
7.59 1.64 2
7.55 21.13 2
18.14 -11.14 2
-14.47 -2.79 2
-14.60 -3.25 2
17.06 -3.71 2
0.78 -2.68 2
17.32 13.77 3
4.02 -12.87 3
-3.24 3.49 3
1.74 7.27 3
4.94 19.35 3
10.32 3.06 3
18.23 3.16 3
6.30 -13.63 3
20.27 18.19 3
8.41 -8.10 3
-0.06 25.01 3
0.99 -4.46 3
-3.63 -2.53 3
8.48 1.29 3
-3.68 0.10 3
18.36 -10.62 3
10.25 -22.21 3
14.61 -7.23 3
7.98 -8.37 3
-11.73 6.72 3
4.42 -9.68 3
10.37 -19.54 3
7.69 22.41 3
-0.04 13.20 3
-15.09 -5.90 3
-10.97 -8.20 3
4.13 -16.21 3
-0.53 -6.23 3
-10.10 -8.45 3
14.57 9.41 3
0.57 -24.21 3
-9.73 -3.09 3
11.86 18.12 3
-24.38 6.56 3
-21.92 -0.10 3
0.56 -17.04 3
-24.34 6.38 3
-23.38 -4.10 3
15.73 -5.91 3
15.43 14.77 3
17.54 8.71 3
15.20 15.79 3
22.36 -6.70 3
5.30 -0.30 3
15.15 -14.17 3
9.72 6.00 3
8.41 20.05 3
5.22 -3.09 3
11.51 1.84 3
-13.59 -9.86 3
-3.39 1.78 3
-6.13 -5.60 3
5.75 17.81 3
3.88 23.17 3
0.66 -26.31 3
3.78 -13.54 3
17.95 15.65 3
-20.92 2.18 3
-9.76 1.37 3
8.04 -14.94 3
9.78 -9.91 3
25.19 -6.75 3
19.94 8.79 3
-21.28 4.76 3
9.89 -16.90 3
-5.16 -3.67 3
1.04 2.56 3
13.84 -18.48 3
7.72 -14.60 3
15.20 16.86 3
0.35 -8.66 3
19.53 -5.60 3
-9.66 -0.17 3
14.80 -17.53 3
7.76 -11.81 3
4.22 22.60 3
-3.65 6.84 3
-16.82 -8.99 3
23.09 10.53 3
9.84 -2.77 3
18.23 8.14 3
10.74 -22.24 3
5.71 -12.49 3
0.98 -11.11 3
14.95 -0.67 3
16.00 -9.87 3
12.70 -8.23 3
-13.84 -9.82 3
10.13 -9.45 3
-13.32 -7.43 3
-12.40 -8.59 3
7.86 -8.36 3
-2.39 -19.88 3
9.21 -0.35 3
3.85 -0.18 3
23.41 2.57 3
-2.68 4.84 3
7.23 -4.73 3
13.81 -11.33 3
1.62 3.61 3
3.37 17.29 3
-1.00 4.70 3
8.34 -11.09 3
3.55 -3.61 3
-3.26 19.71 3
2.51 -26.79 3
-11.55 -8.67 3
-5.39 2.00 3
28.22 3.12 3
-3.82 -19.82 3
9.08 21.02 3
-2.34 -16.21 3
4.30 0.97 3
-19.50 13.92 3
-4.09 26.52 3
-2.51 -20.44 3
-13.54 -9.74 3
-21.08 -1.63 3
29.81 -4.17 3
-1.47 -8.18 3
8.06 19.79 3
-2.89 -21.30 3
8.31 -3.83 3
-8.89 14.90 3
4.27 18.07 3
4.19 -26.28 3
-9.86 -4.88 3
-22.17 1.73 3
25.74 2.47 3
-1.35 -10.51 3
14.57 11.39 3
-6.83 -22.78 3
10.32 -8.00 3
-11.34 13.61 3
3.93 25.28 3
-16.51 15.52 3
-7.81 -21.75 3
8.23 -12.30 3
11.17 18.49 3
-4.47 -21.52 3
3.57 23.55 3
-11.05 9.12 3
-5.76 1.44 3
-17.70 14.58 3
-5.56 3.31 3
28.95 3.14 3
12.40 -9.47 3
-8.15 -18.07 3
-3.14 -17.06 3
-20.49 0.23 3
-1.30 -16.42 3
7.54 -18.94 3
1.80 17.80 3
5.36 17.28 3
-12.58 -11.88 3
-0.17 5.95 3
2.80 -16.46 3
0.98 5.02 3
-9.38 -6.72 3
3.66 21.72 3
-0.03 -3.03 3
-7.42 -8.84 3
20.48 6.27 3
-13.84 -6.59 3
-12.34 -5.80 3
-7.40 -20.61 3
-18.69 -1.55 3
-16.32 -7.04 3
26.98 -0.91 3
19.68 12.76 3
13.87 15.07 3
11.25 17.27 3
28.86 -0.72 3
-16.60 16.67 3
0.84 -21.51 3
-2.99 -13.49 3
6.74 22.41 3
-12.51 11.08 3
-3.72 -17.09 3
-3.79 -3.84 3
-6.12 -6.86 3
-3.17 -1.97 3
11.65 13.13 3
-5.14 21.25 3
11.01 -12.80 3
-5.25 -18.70 3
19.00 18.40 3
-21.41 -0.47 3
-11.79 -12.31 3
9.33 -19.70 3
0.80 -17.36 3
25.29 13.65 3
11.08 17.44 3
-19.18 -0.90 3
10.33 -25.30 3
-21.47 1.23 3
-12.61 8.24 3
9.01 -22.51 3
-1.20 -21.26 3
13.28 17.03 3
2.00 -3.66 3
25.41 2.35 3
-13.95 1.64 3
5.72 -26.03 3
25.68 4.37 3
-2.87 22.76 3
-4.25 -14.61 3
-17.43 -1.72 3
18.84 2.37 3
-16.93 12.73 3
17.41 16.20 3
6.22 -26.12 3
-0.01 -18.59 3
1.67 -12.00 3
27.27 -0.56 3
28.76 -0.36 3
-2.31 -19.24 3
-4.09 -2.76 3
-1.59 -5.49 3
-7.39 -6.96 3
-13.43 -5.30 3
-9.30 -15.06 3
-7.84 -20.16 3
-14.80 13.82 3
-2.11 -12.94 4
29.56 3.93 4
-1.72 -3.54 4
0.15 7.71 4
26.43 9.50 4
-11.47 16.04 4
6.79 20.92 4
1.04 -4.35 4
-20.86 12.02 4
10.42 -6.83 4
2.91 -5.78 4
-12.27 -11.28 4
-19.26 9.03 4
28.23 9.63 4
-9.45 3.47 4
12.53 17.75 4
5.18 -8.55 4
-8.95 5.01 4
-19.55 10.89 4
-3.64 24.95 4
-1.88 -7.00 4
-7.05 1.10 4
-17.97 7.82 4
28.76 6.93 4
-13.14 13.58 4
15.77 17.16 4
-3.11 -13.93 4
-9.53 0.88 4
-20.11 13.93 4
-4.44 22.74 4
7.75 -5.24 4
-15.94 -11.07 4
-20.21 6.10 4
20.43 5.51 4
-13.17 13.61 4
10.33 15.98 4
0.34 -13.09 4
-7.20 3.90 4
-21.80 8.93 4
0.68 24.47 4
-24.95 13.18 4
-15.07 16.85 4
-13.83 12.69 4
15.31 16.46 4
-15.87 14.99 4
-6.44 22.79 4
-17.73 14.97 4
-11.40 5.16 4
-21.22 14.26 4
-6.50 -1.72 4
22.70 3.64 4
-7.89 0.97 4
3.52 -14.78 4
2.81 -12.75 4
-14.38 6.48 4
-14.67 17.85 4
-5.20 2.49 4
-14.02 -13.63 4
2.41 -12.67 4
-11.54 3.84 4
-13.13 -6.00 4
-4.59 22.96 4
-0.29 -0.10 4
-11.25 -10.81 4
9.67 17.12 4
-20.08 4.54 4
-19.65 8.10 4
0.56 -14.03 4
-13.93 10.81 4
-17.07 12.49 4
16.78 6.69 4
17.43 16.01 4
14.01 15.70 4
13.24 15.12 4
19.89 -0.14 4
-18.31 10.68 4
-5.08 -3.49 4
-14.36 11.31 4
-10.30 24.08 4
-21.04 10.02 4
-14.88 14.46 4
-16.30 -3.59 4
-8.74 6.15 4
-12.13 -10.50 4
-6.99 19.82 4
-7.19 23.95 4
-2.52 -2.36 4
-2.56 -17.74 4
10.64 16.60 4
-7.91 14.16 4
-11.97 -11.25 4
3.78 -4.56 4
21.65 14.01 4
19.93 8.22 4
-21.63 8.55 4
-1.97 -5.46 4
-12.77 10.26 4
-13.75 14.18 4
-2.20 -5.85 4
5.36 -14.12 4
16.56 11.85 4
-6.43 4.91 4
13.68 6.69 4
-17.16 4.15 4
-3.93 -1.43 4
22.45 -1.48 4
-4.14 23.01 4
-12.30 3.68 4
-17.41 12.17 4
15.68 16.12 4
-22.69 14.44 4
15.91 16.55 4
-0.37 -0.90 4
3.26 -12.34 4
-13.79 16.49 4
27.24 3.14 4
20.53 4.85 4
-1.45 -14.99 4
-12.20 -5.97 4
-7.81 7.41 4
-11.21 -7.31 4
-13.64 -11.25 4
-12.59 18.63 4
1.29 -14.24 4
-17.65 16.20 4
-16.83 12.77 4
13.62 -3.89 4
24.45 -2.85 4
-10.83 7.10 4
-12.36 20.10 4
-9.11 0.97 4
-21.18 10.51 4
-11.76 4.73 4
1.01 21.12 4
6.54 -15.94 4
-11.53 -4.25 4
-23.14 5.44 4
17.00 -1.86 4
1.74 -12.01 4
12.79 16.64 4
-5.36 -18.29 4
1.53 -3.92 4
-12.88 -0.96 4
3.76 26.31 4
8.85 -17.00 4
-8.67 -7.68 4
-23.39 5.35 4
14.49 1.05 4
-4.62 -10.56 4
11.12 19.38 4
-0.04 -16.00 4
-11.21 -15.33 4
-10.90 7.63 4
2.14 22.90 4
8.69 -24.76 4
-15.19 -3.07 4
-24.58 3.21 4
21.26 1.02 4
-4.03 6.21 4
17.20 12.43 4
-1.26 -14.46 4
-8.31 0.71 4
-12.30 7.38 4
-2.84 23.97 4
-7.92 -0.14 4
3.38 -4.79 4
1.26 -7.67 4
18.89 6.02 4
9.15 -10.92 4
7.12 25.65 4
-13.06 6.92 4
-4.52 -0.58 4
-8.56 4.91 4
-3.84 -6.49 4
16.47 6.66 4
9.16 -19.76 4
-4.96 -15.27 4
-3.03 -14.76 4
-24.18 2.59 4
-6.65 -1.00 4
12.57 -22.27 4
4.71 18.38 4
0.30 20.04 4
-5.55 -15.18 4
-9.45 -17.40 4
-15.50 -7.96 4
-5.09 27.38 4
17.16 -11.66 4
-14.28 -5.14 4
16.59 7.09 4
-31.17 8.26 4
-28.40 3.18 4
-3.81 -19.75 4
-28.86 7.51 4
-28.83 4.41 4
18.10 0.15 4
15.34 12.44 4
17.28 8.04 4
19.79 11.14 4
5.11 -7.81 4
-9.67 10.37 4
6.92 -25.26 4
3.77 0.82 4
-3.31 22.17 4
-11.30 -4.46 4
2.40 -12.64 4
-13.00 -3.62 4
-10.21 -2.42 4
-19.14 -0.76 4
1.40 28.03 4
-0.68 30.09 4
13.17 -19.23 4
-4.51 -15.94 4
23.70 7.62 4
-24.80 4.77 4
-16.82 -7.66 4
5.20 -23.77 4
2.30 -15.31 4
17.34 -1.49 4
17.75 12.01 4
-27.88 4.25 4
1.25 -22.28 4
-3.20 -13.08 4
-7.75 4.83 4
7.97 -23.31 5
1.46 -15.79 5
13.63 12.12 5
-6.42 -3.77 5
20.19 -6.29 5
-27.08 6.02 5
14.42 -15.64 5
23.32 2.90 5
-0.76 21.87 5
1.39 -2.26 5
-27.48 4.68 5
19.40 7.99 5
-19.52 9.34 5
15.09 15.89 5
11.64 -21.65 5
-7.74 -19.55 5
3.38 11.43 5
26.04 9.18 5
14.35 3.20 5
-2.18 -14.92 5
-15.26 -6.46 5
-5.16 -9.98 5
-6.05 -9.69 5
-9.12 -3.96 5
1.99 -9.50 5
-7.42 -18.12 5
-17.13 0.71 5
9.32 2.57 5
23.77 3.23 5
-5.99 -5.45 5
-8.51 -5.28 5
17.58 -7.21 5
-2.29 2.42 5
-0.36 26.17 5
-0.40 -11.84 5
-17.40 -1.22 5
-4.34 -7.00 5
0.40 22.69 5
5.72 -14.60 5
-12.20 -6.62 5
-26.15 6.18 5
26.76 1.87 5
-0.82 14.20 5
5.38 19.60 5
-7.03 -18.98 5
-12.04 2.34 5
-14.58 16.42 5
2.31 18.23 5
6.18 -10.94 5
-16.44 -12.44 5
-25.34 1.86 5
27.29 9.04 5
-5.58 11.01 5
17.91 13.46 5
-1.41 -17.03 5
0.03 -8.90 5
-17.07 10.18 5
2.35 17.62 5
8.38 -15.60 5
-18.05 -13.39 5
-25.85 10.81 5
21.02 1.03 5
-3.93 -10.72 5
17.81 12.42 5
-0.57 -15.91 5
-3.24 -16.09 5
-6.54 12.62 5
-0.97 12.17 5
-18.01 13.72 5
-6.58 4.87 5
-9.23 -10.31 5
17.50 12.58 5
-6.02 -17.39 5
2.97 22.71 5
-16.43 12.22 5
-4.38 -7.94 5
-17.98 11.48 5
-3.16 -10.30 5
27.99 10.21 5
5.35 -22.43 5
-5.91 -16.71 5
-6.03 -20.01 5
-11.49 -26.05 5
8.15 8.70 5
4.91 -16.66 5
-0.77 22.86 5
-0.33 19.39 5
-18.83 -11.24 5
-15.36 -11.00 5
-1.76 -20.59 5
-2.29 -13.51 5
-12.98 -7.26 5
0.52 16.57 5
6.96 -26.44 5
-18.88 -9.17 5
13.79 14.10 5
-26.49 12.19 5
-23.85 -5.61 5
-4.32 -19.02 5
-23.41 -2.77 5
-28.39 6.51 5
26.16 12.67 5
15.60 11.47 5
19.02 12.04 5
19.40 10.94 5
27.36 3.80 5
-17.22 11.30 5
10.00 -17.35 5
8.04 -7.08 5
2.74 13.72 5
-14.43 8.56 5
-6.23 7.74 5
-19.87 -11.64 5
-8.88 -16.23 5
-17.09 -9.14 5
-3.81 11.78 5
-3.45 17.16 5
5.50 -26.84 5
-7.95 -17.07 5
13.51 12.77 5
-23.65 -10.92 5
-19.76 -7.33 5
0.12 -20.34 5
-2.66 -17.00 5
28.98 1.21 5
15.26 11.10 5
-22.98 -1.35 5
10.77 -22.54 5
-22.00 -0.21 5
-19.44 11.25 5
12.42 -19.36 5
-2.24 -18.72 5
17.18 9.56 5
-10.51 -14.78 5
27.80 6.52 5
-23.19 0.95 5
14.62 -7.85 5
29.52 6.81 5
2.57 19.23 5
-3.36 -9.67 5
-23.28 -12.89 5
15.40 13.87 5
-22.32 10.99 5
16.52 11.60 5
13.48 -3.44 5
-8.87 -17.09 5
-0.54 -8.27 5
23.89 6.14 5
29.98 8.01 5
-0.76 -18.78 5
-9.15 -0.40 5
-1.35 -5.60 5
-15.79 -6.11 5
-21.91 -10.79 5
4.83 -1.62 5
-7.52 -21.25 5
-18.63 7.69 5
-3.59 -9.02 5
28.12 9.99 5
1.00 -17.33 5
-4.19 -12.91 5
16.37 1.76 5
-23.35 13.53 5
-2.60 7.39 5
-5.25 -17.64 5
-12.11 8.86 5
-4.56 -13.07 5
3.13 24.09 5
-1.69 1.99 5
-10.98 -5.38 5
-30.26 0.15 5
23.46 11.09 5
-9.57 16.11 5
9.36 0.90 5
-4.62 -18.50 5
2.73 -10.01 5
-20.59 13.90 5
8.28 24.39 5
6.71 -17.12 5
-8.55 0.14 5
-25.85 5.91 5
20.53 17.86 5
-12.56 6.13 5
10.84 2.77 5
-8.85 -17.23 5
1.67 -13.35 5
-21.33 11.62 5
5.24 27.91 5
-2.59 7.19 5
-10.11 -5.57 5
-21.23 6.16 5
18.37 7.27 5
2.01 4.56 5
10.99 8.74 5
-12.69 -18.40 5
2.82 -13.78 5
-20.16 13.43 5
-2.77 28.99 5
-19.35 13.02 5
-4.96 5.04 5
1.33 4.05 5
11.99 8.99 5
-6.08 -4.37 5
9.34 13.65 5
-14.12 11.25 5
-1.52 -14.96 5
-11.74 11.06 5
2.82 -14.03 5
24.55 12.46 5
10.28 -23.55 5
-9.12 -13.02 5
-12.69 -16.02 5
-26.63 4.97 5
-4.09 6.49 5
5.68 -26.88 5
6.45 26.14 5
6.50 25.29 5
-17.76 -0.41 5
-15.16 8.48 5
-10.05 -19.16 5
-0.75 -13.32 5
-12.35 0.92 5
-0.65 24.62 5
1.98 1.71 5
-15.17 1.68 6
16.85 11.89 6
-18.12 -2.92 6
-24.28 6.21 6
-6.33 -19.13 6
-25.50 9.14 6
-28.37 12.04 6
23.41 10.74 6
13.10 11.17 6
13.69 11.25 6
14.91 11.22 6
29.48 6.67 6
-14.78 10.94 6
4.11 -24.45 6
-0.41 13.56 6
5.01 20.33 6
-19.40 13.32 6
8.89 7.57 6
-17.65 -7.71 6
3.03 -6.70 6
-12.68 10.82 6
-1.42 22.16 6
-0.91 22.74 6
4.37 -7.78 6
-8.38 -20.51 6
13.84 4.31 6
-25.11 2.19 6
-10.27 -5.22 6
1.41 -19.97 6
-1.48 -18.48 6
24.75 10.31 6
16.70 4.73 6
-21.81 -8.95 6
2.58 -25.34 6
-23.67 3.35 6
-19.65 13.87 6
7.69 -23.18 6
0.03 -15.41 6
11.78 1.81 6
-6.69 -16.44 6
21.00 13.26 6
-22.60 9.35 6
10.78 -21.91 6
28.84 2.01 6
5.20 26.77 6
10.49 -3.53 6
-26.40 1.39 6
11.43 7.66 6
-18.10 10.85 6
10.42 14.49 6
11.17 -17.89 6
-2.78 -17.48 6
-1.91 -7.30 6
25.20 11.24 6
26.46 11.21 6
0.68 -15.00 6
-13.68 5.59 6
-7.86 -12.76 6
-14.10 -2.61 6
-14.63 -2.81 6
-1.02 13.60 6
-6.66 -18.24 6
-18.88 7.51 6
-11.39 -2.44 6
25.37 9.05 6
4.92 -18.10 6
3.67 -10.91 6
28.63 9.73 6
-10.09 10.81 6
9.25 16.64 6
-3.45 -11.68 6
-7.30 19.96 6
-4.90 -1.39 6
-9.77 -4.82 6
-17.70 5.22 6
18.09 -2.96 6
-12.53 7.07 6
11.70 18.57 6
5.86 -10.89 6
-12.49 4.09 6
-21.45 10.39 6
-3.65 19.20 6
-5.53 4.69 6
-6.51 -4.70 6
-21.39 7.40 6
25.79 -0.54 6
-13.06 12.90 6
9.79 19.85 6
1.69 -10.39 6
-8.00 -0.23 6
-22.96 10.75 6
-1.40 18.15 6
-3.12 -0.83 6
-13.31 -7.33 6
-18.58 1.02 6
25.03 -3.71 6
-8.58 15.24 6
11.26 19.75 6
2.47 -12.90 6
-8.45 0.66 6
-22.17 10.81 6
-0.57 20.74 6
-24.54 13.51 6
-13.94 13.53 6
-13.90 11.85 6
13.18 15.77 6
-8.07 12.23 6
-1.80 21.57 6
-20.60 11.82 6
-4.08 4.62 6
-22.38 13.24 6
-7.09 2.58 6
26.69 0.67 6
-5.13 10.35 6
-3.03 -14.84 6
5.51 -9.54 6
-21.46 3.32 6
-16.68 14.04 6
-6.80 10.71 6
-1.69 22.72 6
-3.80 20.32 6
-15.39 -12.41 6
-12.89 -8.24 6
6.31 -11.25 6
4.22 5.10 6
-13.47 -9.54 6
-5.30 28.62 6
-7.62 10.50 6
-11.38 -11.10 6
10.54 24.78 6
-18.39 3.11 6
-20.05 6.60 6
-0.87 -16.79 6
-23.22 5.12 6
-27.88 5.62 6
23.64 -2.23 6
16.24 16.12 6
10.62 20.21 6
17.13 15.54 6
25.74 -2.53 6
-21.73 13.25 6
-7.34 10.46 6
-6.40 11.72 6
-5.74 24.32 6
-24.93 11.08 6
-3.84 11.02 6
-11.62 -10.73 6
-7.09 0.17 6
-14.39 -9.69 6
-6.61 26.98 6
-0.99 20.70 6
-7.72 14.10 6
-4.61 -11.19 6
14.46 20.70 6
-20.51 3.26 6
-6.52 -1.13 6
-8.57 -0.26 6
-1.50 -13.59 6
26.75 0.98 6
14.13 17.98 6
-22.02 1.00 6
-2.98 0.18 6
-21.33 6.35 6
-19.08 13.22 6
-7.35 6.21 6
-2.35 -11.73 6
14.67 18.66 6
-5.71 -0.94 6
25.10 -4.11 6
-19.42 7.94 6
-5.26 14.22 6
24.41 -4.99 6
-2.48 22.92 6
-14.62 10.85 6
-21.72 0.53 6
17.03 17.17 6
-24.31 10.63 6
18.41 13.48 6
-7.61 4.41 6
1.72 -8.33 6
-14.86 12.21 6
26.75 0.03 6
18.59 -7.40 6
-0.41 -13.05 6
-16.89 -11.11 6
-0.80 2.14 6
-18.47 -8.40 6
-11.10 -10.62 6
-5.30 11.87 6
2.42 -10.43 6
-22.86 13.27 6
-8.68 4.61 6
27.01 -2.30 6
1.34 -1.46 6
-3.42 -8.75 6
27.52 -5.50 6
-16.72 4.56 6
-3.36 19.45 6
2.93 -7.63 6
-20.10 9.39 6
-0.24 -3.71 6
6.66 23.74 6
9.92 -23.71 6
-4.94 -6.35 6
-16.63 -6.70 6
22.25 -1.44 6
3.34 -8.73 6
6.59 -4.52 6
-7.21 -18.74 6
9.87 -5.57 6
0.52 3.32 6
6.62 23.50 6
9.36 -18.77 6
-3.94 2.86 6
-17.57 -5.40 6
24.08 -0.52 6
12.43 -7.51 6
15.30 4.41 6
-8.69 -5.34 6
7.61 19.01 6
17.28 -14.21 6
-4.52 -6.71 6
-23.25 -6.53 6
20.52 -2.14 6
-0.02 -11.06 8
19.13 -4.64 7
-8.08 -21.42 8
2.48 -5.39 7
-5.76 -1.13 7
20.09 4.60 7
-4.11 0.80 7
-3.14 -19.95 8
0.69 -7.61 8
17.24 7.28 7
7.72 -10.17 7
4.03 25.08 7
0.90 -11.69 8
15.11 -6.61 7
-7.25 -18.94 8
3.85 0.41 7
27.29 1.18 7
6.14 -25.56 8
0.18 -17.89 8
-3.23 -14.72 8
-16.51 -25.26 8
1.54 0.46 7
9.22 -23.03 8
15.82 13.03 7
0.44 13.80 7
-7.06 11.36 7
-16.67 -11.01 8
6.39 -8.02 7
2.66 -9.69 8
-4.74 3.02 7
10.61 19.71 7
16.21 -20.22 8
-10.23 -5.03 8
15.88 2.38 7
-12.00 -21.52 8
-13.51 -27.49 8
-7.09 -16.89 8
-7.52 -20.73 8
-13.93 -19.16 8
16.13 -6.30 7
21.32 6.96 7
21.93 1.50 7
17.30 6.92 7
-7.07 -17.96 8
-0.94 -2.17 7
14.35 -22.45 8
1.73 -12.90 8
17.36 15.23 7
-18.15 12.08 7
7.93 -5.84 7
-8.89 -1.01 8
2.61 -7.80 8
2.38 28.80 7
10.42 -22.70 8
0.01 -17.88 8
15.61 6.38 7
-22.66 -9.37 8
-9.16 -9.15 8
4.72 -22.46 8
1.54 -14.14 8
-1.21 -17.01 8
14.40 1.86 7
-16.81 -2.50 8
7.40 -26.31 8
-13.61 -5.15 8
0.40 -13.46 8
8.78 -25.80 8
-9.18 -15.88 8
19.19 6.84 7
7.79 -0.91 7
28.29 4.32 7
-20.62 -5.40 8
6.25 -26.51 8
26.28 -3.04 7
11.19 20.79 7
4.57 -11.49 8
-19.68 -0.11 8
17.87 -1.83 7
-18.95 12.72 7
21.16 -1.82 7
5.07 -24.19 8
8.59 -18.30 8
-0.54 -16.53 8
23.75 0.14 7
16.48 -9.76 7
4.51 -19.19 8
-2.71 -6.87 8
-14.61 -2.62 8
9.91 -6.09 7
-2.21 -13.30 8
-12.42 0.79 8
8.81 -11.41 7
-7.77 -13.98 8
26.68 0.75 7
-1.78 -15.46 8
2.60 20.95 7
8.81 -9.23 7
0.51 -15.78 8
9.61 -11.49 7
-2.48 21.23 7
10.91 -9.20 7
-12.85 -8.22 8
-6.46 2.18 7
14.14 -2.88 7
-5.71 8.73 7
20.42 11.35 7
-3.04 -21.77 8
-10.38 -3.25 8
-22.16 12.47 7
0.02 23.56 7
16.23 -17.06 8
-0.99 -10.68 8
-8.23 -13.92 8
29.10 4.46 7
1.28 3.20 7
15.97 15.21 7
8.70 -13.27 8
-0.78 -9.77 8
-19.50 12.57 7
2.38 20.72 7
11.68 -10.29 7
-7.95 -10.93 8
-4.73 -4.67 8
27.79 5.31 7
8.08 8.66 7
21.57 12.57 7
-0.02 -23.10 8
-5.24 -0.78 7
-16.80 12.32 7
-0.03 23.81 7
-16.53 11.99 7
2.92 1.70 7
1.12 1.28 7
16.06 16.05 7
-2.62 -2.63 7
10.33 20.23 7
-21.67 7.92 7
0.44 5.28 7
-23.12 12.82 7
-0.62 -9.24 8
27.10 2.17 7
9.02 -12.33 8
4.67 -14.44 8
3.76 -15.90 8
-3.79 -21.45 8
2.16 4.79 7
10.69 -20.31 8
1.03 18.43 7
3.49 23.12 7
-5.89 3.23 7
-11.20 -9.87 8
4.50 -18.10 8
-6.77 -11.75 8
-7.07 -2.69 8
9.58 10.59 7
10.31 -16.03 8
-4.26 -2.71 7
19.62 13.14 7
-8.88 -11.84 8
-4.95 -15.45 8
4.25 -17.29 8
-0.03 7.84 7
-7.99 -15.35 8
29.00 -0.24 7
20.81 7.68 7
17.61 11.90 7
13.14 21.84 7
25.16 0.20 7
-18.07 15.33 7
10.23 -18.49 8
-3.69 5.37 7
1.81 16.89 7
-20.01 10.25 7
6.72 12.07 7
-10.19 -13.09 8
-0.17 -1.50 7
-14.56 -9.79 8
4.10 18.32 7
-1.46 18.03 7
12.80 -11.29 7
11.01 -15.77 8
22.85 10.05 7
-15.48 -16.06 8
-9.52 -8.61 8
1.90 -18.38 8
12.67 -18.98 8
23.61 6.09 7
24.11 6.09 7
-19.84 -7.85 8
4.53 -22.65 8
-10.96 -1.07 8
-19.15 12.69 7
17.16 -14.91 7
-0.63 -20.80 8
17.55 14.48 7
0.19 -12.03 8
28.44 12.25 7
-1.46 -3.69 7
12.56 -13.14 7
23.60 3.41 7
10.04 17.00 7
-8.39 12.77 7
-18.68 -3.66 8
24.44 0.58 7
-19.23 5.13 8
15.89 17.01 7
10.50 -14.14 8
-3.12 -23.71 8
-0.92 10.03 7
20.23 2.37 7
26.80 2.23 7
3.35 -19.37 8
-10.18 -10.06 8
0.30 -0.50 7
-6.85 -11.77 8
-7.87 -7.60 8
1.58 11.49 7
3.89 -18.75 8
-16.65 7.94 7
-3.97 14.03 7
28.18 7.78 7
3.55 -17.97 8
0.13 -18.65 8
31.70 2.78 7
-14.61 13.34 7
6.46 20.57 7
10.80 -6.96 7
-4.87 12.42 7
-0.34 6.37 7
